=================20==================
(-0.45, 37.785]      9805060
(37.785, 75.27]        33022
(75.27, 112.755]         719
(112.755, 150.24]         84
(150.24, 187.725]         39
(187.725, 225.21]         20
(225.21, 262.695]         15
(262.695, 300.18]         15
(300.18, 337.665]          9
(337.665, 375.15]          4
(375.15, 412.635]          3
(412.635, 450.12]          2
(450.12, 487.605]          2
(487.605, 525.09]          2
(525.09, 562.575]          2
(712.515, 750.0]           2
(675.03, 712.515]          1
(562.575, 600.06]          0
(600.06, 637.545]          0
(637.545, 675.03]          0